1736 400
4410 3265
1377 1336
2336 5364
1877 5073
965 5040
2573 864
4281 3980
2248 1382
4482 5177
5261 4333
1946 739
4307 1407
2486 5121
3663 948
3817 3662
4824 4949
2830 1316
4878 3291
5641 4120
2912 3370
4502 1932
595 608
5090 1661
6095 3566
1295 5563
5672 2065
2163 2544
1936 5860
713 4702
1611 2827
2572 595
3000 4069
1620 4377
5401 1216
3556 1123
5201 3394
3704 660
2947 5260
1345 4488
4097 5320
3210 3142
5293 5334
5874 930
3348 537
5229 5360
833 4978
4467 5340
3608 2890
1021 2589
1327 3799
4595 778
2446 928
4100 2703
4406 1443
758 3583
2961 1342
5990 3811
1959 2205
3668 4249
5068 1866
1283 1725
772 2738
4572 1253
3451 4207
2709 5370
2114 3933
3408 1946
1526 6099
1327 1378
2015 1987
4778 2994